666
95.53 72.68 614.64
904.99 182.61 222.54
107.79 777.15 692.46
740.06 292.53 907.02
541.62 898.40 719.95
85.85 429.39 635.11
969.13 975.76 628.64
746.39 9.06 363.16
179.75 944.17 174.47
264.85 736.27 692.65
551.42 19.59 171.52
964.30 790.32 345.26
301.77 375.41 374.90
76.44 504.88 875.04
343.38 298.14 51.25
301.08 303.58 569.40
642.24 805.81 820.87
798.79 326.41 633.50
134.53 632.26 760.11
520.00 966.88 488.10
824.51 719.17 342.71
551.43 131.35 93.73
67.81 61.62 618.39
225.04 154.41 529.13
562.00 602.95 966.48
631.49 724.53 290.53
927.19 168.74 10.85
143.54 546.61 577.47
32.91 762.47 975.77
757.27 676.32 293.98
961.11 907.48 853.80
348.93 900.21 856.20
999.60 778.73 891.82
24.15 365.74 128.77
159.47 201.21 811.89
477.02 885.19 439.55
748.61 38.07 5.97
899.37 551.89 39.10
592.93 80.64 4.86
201.23 444.83 593.40
8.78 971.49 862.88
562.87 303.59 411.58
312.28 293.23 330.19
676.55 24.67 215.73
418.69 453.28 372.89
1.88 469.59 236.02
517.52 137.35 408.63
838.26 457.27 932.95
781.81 233.55 178.16
524.99 149.80 808.29
654.11 752.30 884.71
522.41 502.21 899.59
288.38 726.36 778.21
260.62 462.88 537.51
382.27 266.80 857.34
135.21 511.08 255.14
772.42 800.12 982.18
183.84 35.39 962.53
142.94 409.30 813.87
401.03 993.80 271.96
468.06 137.17 654.47
715.74 707.97 359.09
729.37 494.64 486.55
354.22 602.75 245.19
756.13 906.07 65.13
256.75 829.39 533.82
352.21 827.95 515.84
558.81 755.15 632.11
511.67 413.22 673.89
514.37 925.10 291.16
153.83 186.22 417.06
133.25 433.44 96.17
664.41 666.43 642.59
550.27 590.21 261.56
453.66 215.97 798.97
274.38 903.67 592.29
348.79 470.06 688.53
923.85 505.39 842.67
175.88 518.13 643.52
994.85 391.43 570.53
223.65 109.85 823.19
521.86 278.46 37.75
427.78 852.97 877.41
998.10 934.90 869.65
165.86 877.83 185.47
329.70 516.57 654.96
886.98 630.84 869.51
577.72 642.91 897.68
526.13 487.74 12.18
451.91 61.31 144.65
642.36 632.46 437.31
771.71 737.18 412.24
999.66 709.78 110.53
108.82 558.52 663.05
569.68 961.52 113.82
118.18 244.95 202.49
564.51 575.66 211.53
804.27 404.76 163.40
258.88 667.80 122.53
454.51 405.52 893.84
68.47 936.39 332.85
986.31 277.82 773.36
51.57 440.66 961.45
587.99 269.90 114.96
915.02 600.42 299.78
662.79 707.33 362.87
823.65 799.01 697.01
605.76 216.83 557.27
819.96 687.30 499.11
736.50 452.64 704.02
422.96 927.37 289.25
754.12 836.83 467.23
194.49 966.31 879.92
268.52 960.66 395.54
758.51 174.45 776.79
617.12 249.13 335.41
460.65 704.66 88.49
6.47 647.14 698.99
590.74 497.35 989.61
408.35 565.85 211.38
778.32 368.15 637.70
589.42 190.51 763.08
839.25 384.20 599.84
181.25 153.26 268.99
658.39 500.77 800.84
992.70 282.75 431.57
123.57 908.85 178.97
677.94 617.59 600.80
607.22 709.86 864.29
489.55 444.34 35.57
261.74 928.39 360.88
590.02 918.60 681.17
884.84 512.84 525.21
465.09 686.73 190.33
36.30 294.76 233.46
997.66 72.64 156.54
17.52 457.92 842.40
305.45 556.57 776.20
601.32 192.62 737.29
876.97 797.14 814.60
499.11 310.77 137.05
683.24 178.35 305.49
137.96 567.49 750.46
456.70 80.88 301.33
534.40 706.88 137.89
262.78 454.08 665.46
531.34 390.56 743.94
896.32 998.61 286.14
913.22 446.50 494.05
280.30 624.27 424.41
569.11 743.46 917.54
30.86 88.33 215.05
328.95 297.73 244.01
670.53 864.21 720.78
487.58 55.73 681.18
376.16 75.83 355.45
24.43 168.59 203.19
777.44 179.75 969.52
37.47 899.91 156.44
373.80 256.99 890.29
125.29 111.59 530.00
640.54 186.24 312.16
148.14 942.00 33.39
475.13 345.96 107.46
110.31 49.25 612.85
372.05 710.47 414.00
887.29 892.57 69.19
64.82 707.68 146.94
307.90 727.03 284.96
627.92 725.79 676.73
573.76 254.19 728.03
192.21 56.89 269.86
679.72 423.72 29.52
848.17 593.27 545.19
149.19 845.51 551.44
777.54 206.40 403.41
370.43 137.23 145.77
711.79 544.34 870.62
812.30 692.68 556.71
481.09 682.45 909.87
973.20 767.44 430.17
633.81 983.08 68.02
30.32 487.72 522.06
524.95 227.04 898.62
123.22 66.73 415.51
758.01 530.71 677.97
20.67 310.60 193.33
86.42 710.44 668.63
616.08 314.09 649.16
470.06 728.69 213.84
647.19 25.80 325.91
777.77 163.66 608.47
98.18 354.26 164.07
206.57 210.29 92.24
846.26 63.99 631.29
45.34 872.01 802.15
495.06 575.94 764.32
261.91 21.83 877.57
968.92 19.66 810.24
985.31 851.08 468.36
882.63 567.92 466.39
856.73 894.98 682.31
114.83 347.20 626.47
165.92 413.33 697.32
302.58 911.75 922.33
294.78 567.29 183.64
181.73 281.60 848.41
988.83 805.78 606.56
388.44 111.23 766.61
372.02 913.01 277.06
216.38 942.60 421.99
737.00 897.16 724.03
321.11 856.05 468.74
760.85 902.52 452.27
90.06 219.52 273.16
428.25 539.77 451.39
227.18 677.48 40.39
906.54 289.28 714.43
162.63 487.60 269.22
204.24 191.95 592.84
248.68 854.44 268.80
629.49 877.20 332.28
948.08 415.53 448.42
540.15 122.23 966.57
666.27 57.60 245.27
8.72 387.15 195.37
421.18 122.79 549.76
149.53 947.51 866.70
589.64 478.77 113.67
2.31 101.48 597.98
433.15 427.25 945.96
479.66 459.84 265.84
208.17 442.51 971.79
877.91 162.21 717.44
891.64 398.75 408.34
314.44 801.36 666.15
650.18 636.99 74.43
244.44 655.52 472.91
421.30 263.74 526.33
266.49 356.25 200.84
157.83 178.31 264.00
240.48 258.96 723.92
470.78 626.80 440.61
136.60 989.32 638.59
653.75 364.17 334.80
582.68 802.44 353.13
974.44 537.50 299.94
646.83 631.04 728.15
577.76 215.99 68.68
223.75 553.25 389.53
239.57 138.09 144.16
450.44 391.23 411.37
322.68 504.83 400.05
660.02 720.59 383.53
323.41 292.09 190.64
525.64 41.75 250.70
714.97 294.56 782.59
516.69 488.54 715.22
728.75 440.25 512.62
786.45 563.20 171.12
802.49 423.83 505.69
478.78 998.60 351.10
226.98 1.52 305.01
197.46 456.41 3.76
419.96 705.73 148.45
603.81 461.61 29.45
826.72 528.50 469.59
191.38 268.27 393.22
300.92 221.69 176.45
156.23 430.32 98.47
170.78 709.26 758.89
368.67 800.46 347.67
76.37 496.12 901.38
695.43 565.26 413.16
940.14 886.13 89.88
305.96 671.60 949.75
885.06 762.05 236.71
753.60 986.42 796.22
370.66 679.88 898.47
873.26 399.81 194.87
819.28 14.42 956.07
432.31 167.41 397.43
546.15 361.18 979.22
118.61 49.24 129.42
855.45 513.36 455.50
656.09 348.74 228.34
619.24 271.33 760.22
57.10 144.29 935.05
900.78 596.27 444.18
733.08 197.90 383.48
142.45 30.84 623.38
675.10 272.97 806.06
192.49 156.03 804.12
430.64 980.96 162.73
574.16 447.47 829.29
526.15 971.26 718.68
83.20 849.18 161.69
783.04 975.97 928.72
180.56 739.00 806.25
557.41 10.22 596.42
669.96 715.98 140.56
528.26 482.51 265.33
621.39 591.33 27.47
870.35 681.45 810.06
119.59 433.20 416.35
616.23 19.08 18.62
71.14 792.28 769.75
417.03 93.92 574.97
726.74 711.07 47.73
523.77 415.18 636.57
53.48 377.91 737.74
865.85 624.70 968.29
560.03 376.75 575.52
897.93 953.10 297.71
171.15 185.29 915.95
832.47 795.74 319.99
756.76 899.96 856.41
423.57 302.95 613.54
178.08 677.33 170.12
92.18 797.64 480.57
801.12 350.01 934.47
994.80 590.48 854.37
465.82 292.23 181.70
88.28 826.51 512.10
887.37 135.00 443.95
336.05 579.32 94.13
960.25 154.61 116.74
439.24 122.31 147.25
488.07 29.92 28.61
24.31 16.00 332.81
314.92 340.77 106.79
667.47 138.64 273.54
284.31 378.00 658.41
403.17 566.22 996.30
421.72 166.38 559.82
0.62 90.76 373.05
710.14 147.99 183.56
37.47 115.56 607.86
441.15 60.62 262.40
527.03 893.00 291.26
906.95 118.88 914.82
484.11 286.70 567.00
493.32 19.01 703.36
170.84 54.01 803.96
799.47 857.65 597.88
208.44 347.26 76.88
127.56 441.23 28.24
169.76 703.07 635.63
707.88 0.54 602.10
734.52 490.02 503.99
761.65 314.03 804.07
237.87 673.21 81.35
130.89 201.56 0.93
49.83 828.70 99.84
777.43 813.03 649.65
398.69 265.52 968.96
660.22 857.26 293.68
487.69 498.92 524.71
597.10 870.94 210.94
424.89 777.30 325.49
945.47 228.57 24.94
905.36 805.23 524.15
458.76 381.77 951.75
665.69 858.15 737.72
289.80 293.18 237.01
92.78 299.61 855.68
17.50 573.18 215.27
294.52 128.71 242.08
844.05 586.19 525.84
336.84 833.66 544.19
777.46 663.10 700.58
73.62 478.31 822.48
668.64 276.98 108.08
565.66 569.97 546.47
507.95 474.79 950.75
300.90 594.36 945.67
637.52 401.97 846.02
340.53 944.35 322.71
506.62 461.24 349.63
415.50 836.65 394.36
12.76 26.50 697.68
632.06 688.58 321.70
464.82 552.91 709.75
172.09 958.52 215.14
259.68 162.85 692.86
555.58 782.96 71.42
4.76 858.06 200.48
348.88 110.45 226.98
603.94 967.74 473.55
732.61 29.52 600.77
236.62 242.40 61.03
943.69 25.28 421.50
247.81 415.05 298.81
776.01 8.19 103.22
636.24 842.81 166.57
313.13 595.79 937.00
750.59 723.16 330.87
263.33 839.79 622.13
268.47 918.06 812.38
216.48 941.18 221.27
698.82 990.68 493.53
295.97 487.84 3.88
429.08 523.18 579.35
107.47 581.68 1.35
404.48 580.66 730.57
220.81 162.80 867.87
177.66 30.85 171.49
542.53 308.34 342.16
570.13 381.42 358.18
48.91 700.82 208.63
432.39 182.86 979.64
584.56 450.54 673.96
936.31 465.55 777.10
62.37 118.33 940.93
320.03 474.41 997.44
597.84 477.45 380.88
490.63 739.39 347.38
916.41 966.22 984.84
672.13 631.75 801.07
582.53 993.56 100.39
825.12 601.21 818.61
896.36 552.62 922.17
11.17 794.71 266.03
245.94 228.42 955.11
409.20 651.90 556.94
587.34 667.14 768.89
540.32 196.46 386.89
266.06 607.32 979.30
198.54 638.75 12.53
136.30 733.99 433.14
428.77 269.74 570.61
95.91 565.14 611.66
156.74 695.33 407.67
866.59 657.00 551.87
480.46 203.97 739.25
160.75 661.24 897.01
286.06 664.56 170.21
187.44 995.28 8.83
130.59 642.28 282.58
409.82 133.55 423.80
90.69 800.56 810.98
826.00 202.25 53.31
194.65 168.29 407.25
429.89 466.27 55.97
186.87 395.28 393.52
864.42 412.02 109.58
912.98 878.26 204.20
922.00 547.00 351.13
784.17 684.01 546.58
975.96 107.69 377.58
926.13 731.26 730.27
563.15 468.42 492.07
233.95 98.61 946.28
152.64 398.99 637.09
120.24 473.71 314.65
625.65 612.50 525.32
735.77 254.33 466.02
427.01 348.45 346.30
13.04 64.46 391.36
369.79 188.15 173.56
216.56 997.13 479.32
954.68 113.57 952.51
427.23 938.33 275.98
815.82 811.88 325.98
856.41 78.50 422.33
732.33 590.17 277.65
491.13 680.52 790.34
612.41 941.55 65.79
15.50 84.89 601.16
292.30 250.15 776.86
406.23 623.97 528.35
988.45 859.79 740.59
812.89 546.67 671.31
720.04 47.79 73.64
302.29 219.11 114.22
862.30 208.02 336.02
81.83 940.06 83.88
685.28 556.69 684.62
826.79 857.97 452.05
614.54 79.82 617.32
894.82 71.47 2.85
311.16 744.35 93.81
680.50 430.96 30.80
587.87 532.49 129.85
468.56 493.20 385.91
173.82 120.88 1.13
238.99 930.09 585.65
703.27 465.05 321.04
128.17 735.38 944.19
885.09 924.97 667.63
292.69 240.07 205.30
6.67 796.57 828.62
914.78 585.35 367.57
978.39 818.09 775.56
399.65 133.42 640.23
656.96 93.47 953.91
637.58 679.64 70.76
597.10 619.00 828.47
721.54 799.77 367.49
924.40 766.64 833.79
465.06 952.79 27.45
703.79 813.51 33.78
606.50 866.37 986.27
82.27 564.37 536.69
800.82 485.03 190.17
437.63 273.17 802.35
103.37 262.40 563.96
724.16 962.74 860.74
207.96 259.04 173.49
767.24 349.92 236.28
623.56 585.59 102.05
838.80 57.18 827.24
653.45 361.69 506.02
573.21 992.49 620.01
509.28 824.65 95.25
874.75 724.20 445.10
962.88 441.89 59.57
923.65 881.83 936.87
784.25 23.00 156.84
134.53 28.09 190.28
876.61 173.14 588.59
665.46 291.11 562.65
755.64 764.41 16.18
905.91 964.39 984.91
896.48 885.04 633.95
129.03 494.23 200.42
175.70 18.90 921.27
266.86 13.42 71.92
73.82 23.29 98.50
810.71 962.10 861.74
921.69 766.34 248.95
847.65 863.95 368.59
732.18 174.87 48.08
588.60 525.79 745.89
796.16 644.15 844.22
801.95 251.09 511.46
887.55 489.88 478.63
456.68 703.98 490.00
960.54 515.86 668.03
694.63 777.34 536.81
113.24 893.17 199.67
483.14 222.30 565.42
802.48 520.09 891.82
49.93 358.82 324.62
326.41 117.45 773.46
986.44 293.33 943.80
977.27 656.47 883.27
307.40 345.90 591.09
540.35 344.58 176.79
79.95 723.22 331.24
202.03 876.72 866.00
520.04 434.54 993.80
132.73 97.42 106.98
793.46 668.85 617.13
871.35 187.42 145.63
704.36 653.24 904.31
151.76 223.80 131.61
961.79 628.85 773.11
62.17 585.72 506.75
406.20 607.83 35.08
773.40 37.37 869.30
122.17 599.17 431.48
168.35 623.42 940.08
96.89 764.96 466.49
671.14 34.39 172.37
0.67 777.18 230.92
21.89 30.08 64.75
9.75 594.09 298.57
595.78 471.61 850.79
338.19 472.95 236.42
337.48 514.19 239.94
265.59 132.30 134.48
373.14 680.59 925.16
546.35 538.87 544.74
322.24 269.44 612.11
487.26 909.95 394.39
238.53 28.44 920.90
996.77 495.01 342.20
497.41 73.83 120.14
947.00 862.05 809.91
218.43 769.24 854.64
605.39 265.54 143.48
401.08 819.84 258.30
221.29 894.96 996.41
730.82 178.89 58.95
466.72 19.07 505.75
1.27 812.11 609.65
293.54 673.42 231.33
229.26 70.38 585.17
280.61 690.23 852.92
187.08 770.46 553.48
214.70 872.19 504.67
681.75 616.43 150.49
709.10 157.23 296.98
413.71 614.52 687.48
660.78 83.51 501.60
596.24 812.74 306.74
406.56 94.65 931.14
739.35 597.59 51.27
948.36 961.65 502.47
248.80 402.13 118.26
445.79 236.23 809.59
527.14 914.33 490.41
530.20 659.78 95.28
384.17 160.93 631.55
7.32 937.19 135.46
545.96 926.39 661.87
935.44 346.78 363.88
450.90 595.18 614.60
716.06 830.27 161.66
467.98 358.04 255.09
656.19 958.70 454.08
759.61 775.80 30.08
144.83 957.06 809.52
691.03 830.28 248.32
647.86 151.39 835.76
539.68 875.16 663.96
196.34 941.07 786.72
965.28 371.99 957.24
411.89 922.81 643.27
270.20 527.15 219.22
618.75 899.75 938.74
283.90 596.83 335.63
133.55 188.13 695.14
914.46 65.42 493.37
782.04 563.25 750.07
31.07 773.59 526.94
225.84 929.77 993.09
797.79 635.41 709.16
14.55 257.02 299.23
254.94 499.59 788.69
710.43 825.04 109.23
563.70 239.53 613.86
65.86 392.88 839.21
462.22 298.19 818.45
391.82 322.76 680.08
75.75 325.39 830.79
191.01 594.73 38.27
552.52 22.03 312.68
766.60 916.97 497.62
328.52 658.76 1.84
699.79 45.60 718.66
810.71 973.45 641.23
871.21 287.88 34.76
651.91 248.57 107.85
208.60 579.39 83.00
294.49 439.40 88.82
36.74 319.71 393.74
419.37 933.66 198.11
986.47 883.62 900.25
287.53 606.05 96.77
319.89 209.02 408.54
304.60 86.46 52.30
401.84 757.43 711.55
144.34 484.26 474.10
935.59 581.70 925.98
255.50 952.20 733.19
316.69 292.52 326.60
160.24 233.23 446.20
100.77 291.98 119.70
678.70 683.06 608.95
336.74 654.60 116.78
165.93 228.60 145.11
126.44 92.79 754.62
489.54 715.09 69.54
619.03 195.87 667.91
